4 57 -1
5 56 1
8 53 1
9 52 -1
16 45 -1
17 44 1
28 33 1
29 32 -1
4 58 -1
6 56 1
8 54 1
10 52 -1
16 46 -1
18 44 1
28 34 1
30 32 -1
4 59 -1
7 56 1
8 55 1
11 52 -1
16 47 -1
19 44 1
28 35 1
31 32 -1
5 58 -1
6 57 1
9 54 1
10 53 -1
17 46 -1
18 45 1
29 34 1
30 33 -1
5 59 -1
7 57 1
9 55 1
11 53 -1
17 47 -1
19 45 1
29 35 1
31 33 -1
6 59 -1
7 58 1
10 55 1
11 54 -1
18 47 -1
19 46 1
30 35 1
31 34 -1
4 61 -1
5 60 1
12 53 1
13 52 -1
20 45 -1
21 44 1
28 37 1
29 36 -1
4 62 -1
6 60 1
12 54 1
14 52 -1
20 46 -1
22 44 1
28 38 1
30 36 -1
4 63 -1
7 60 1
12 55 1
15 52 -1
20 47 -1
23 44 1
28 39 1
31 36 -1
5 62 -1
6 61 1
13 54 1
14 53 -1
21 46 -1
22 45 1
29 38 1
30 37 -1
5 63 -1
7 61 1
13 55 1
15 53 -1
21 47 -1
23 45 1
29 39 1
31 37 -1
6 63 -1
7 62 1
14 55 1
15 54 -1
22 47 -1
23 46 1
30 39 1
31 38 -1
8 61 -1
9 60 1
12 57 1
13 56 -1
24 45 -1
25 44 1
28 41 1
29 40 -1
8 62 -1
10 60 1
12 58 1
14 56 -1
24 46 -1
26 44 1
28 42 1
30 40 -1
8 63 -1
11 60 1
12 59 1
15 56 -1
24 47 -1
27 44 1
28 43 1
31 40 -1
9 62 -1
10 61 1
13 58 1
14 57 -1
25 46 -1
26 45 1
29 42 1
30 41 -1
9 63 -1
11 61 1
13 59 1
15 57 -1
25 47 -1
27 45 1
29 43 1
31 41 -1
10 63 -1
11 62 1
14 59 1
15 58 -1
26 47 -1
27 46 1
30 43 1
31 42 -1
16 61 -1
17 60 1
20 57 1
21 56 -1
24 53 -1
25 52 1
28 49 1
29 48 -1
16 62 -1
18 60 1
20 58 1
22 56 -1
24 54 -1
26 52 1
28 50 1
30 48 -1
16 63 -1
19 60 1
20 59 1
23 56 -1
24 55 -1
27 52 1
28 51 1
31 48 -1
17 62 -1
18 61 1
21 58 1
22 57 -1
25 54 -1
26 53 1
29 50 1
30 49 -1
17 63 -1
19 61 1
21 59 1
23 57 -1
25 55 -1
27 53 1
29 51 1
31 49 -1
18 63 -1
19 62 1
22 59 1
23 58 -1
26 55 -1
27 54 1
30 51 1
31 50 -1
32 61 -1
33 60 1
36 57 1
37 56 -1
40 53 -1
41 52 1
44 49 1
45 48 -1
32 62 -1
34 60 1
36 58 1
38 56 -1
40 54 -1
42 52 1
44 50 1
46 48 -1
32 63 -1
35 60 1
36 59 1
39 56 -1
40 55 -1
43 52 1
44 51 1
47 48 -1
33 62 -1
34 61 1
37 58 1
38 57 -1
41 54 -1
42 53 1
45 50 1
46 49 -1
33 63 -1
35 61 1
37 59 1
39 57 -1
41 55 -1
43 53 1
45 51 1
47 49 -1
34 63 -1
35 62 1
38 59 1
39 58 -1
42 55 -1
43 54 1
46 51 1
47 50 -1
0 61 1
1 60 -1
12 49 -1
13 48 1
20 41 1
21 40 -1
24 37 -1
25 36 1
0 62 1
2 60 -1
12 50 -1
14 48 1
20 42 1
22 40 -1
24 38 -1
26 36 1
0 63 1
3 60 -1
12 51 -1
15 48 1
20 43 1
23 40 -1
24 39 -1
27 36 1
1 62 1
2 61 -1
13 50 -1
14 49 1
21 42 1
22 41 -1
25 38 -1
26 37 1
1 63 1
3 61 -1
13 51 -1
15 49 1
21 43 1
23 41 -1
25 39 -1
27 37 1
2 63 1
3 62 -1
14 51 -1
15 50 1
22 43 1
23 42 -1
26 39 -1
27 38 1
0 57 -1
1 56 1
8 49 1
9 48 -1
16 41 -1
17 40 1
24 33 1
25 32 -1
0 58 -1
2 56 1
8 50 1
10 48 -1
16 42 -1
18 40 1
24 34 1
26 32 -1
0 59 -1
3 56 1
8 51 1
11 48 -1
16 43 -1
19 40 1
24 35 1
27 32 -1
1 58 -1
2 57 1
9 50 1
10 49 -1
17 42 -1
18 41 1
25 34 1
26 33 -1
1 59 -1
3 57 1
9 51 1
11 49 -1
17 43 -1
19 41 1
25 35 1
27 33 -1
2 59 -1
3 58 1
10 51 1
11 50 -1
18 43 -1
19 42 1
26 35 1
27 34 -1
0 53 1
1 52 -1
4 49 -1
5 48 1
16 37 1
17 36 -1
20 33 -1
21 32 1
0 54 1
2 52 -1
4 50 -1
6 48 1
16 38 1
18 36 -1
20 34 -1
22 32 1
0 55 1
3 52 -1
4 51 -1
7 48 1
16 39 1
19 36 -1
20 35 -1
23 32 1
1 54 1
2 53 -1
5 50 -1
6 49 1
17 38 1
18 37 -1
21 34 -1
22 33 1
1 55 1
3 53 -1
5 51 -1
7 49 1
17 39 1
19 37 -1
21 35 -1
23 33 1
2 55 1
3 54 -1
6 51 -1
7 50 1
18 39 1
19 38 -1
22 35 -1
23 34 1
0 45 -1
1 44 1
4 41 1
5 40 -1
8 37 -1
9 36 1
12 33 1
13 32 -1
0 46 -1
2 44 1
4 42 1
6 40 -1
8 38 -1
10 36 1
12 34 1
14 32 -1
0 47 -1
3 44 1
4 43 1
7 40 -1
8 39 -1
11 36 1
12 35 1
15 32 -1
1 46 -1
2 45 1
5 42 1
6 41 -1
9 38 -1
10 37 1
13 34 1
14 33 -1
1 47 -1
3 45 1
5 43 1
7 41 -1
9 39 -1
11 37 1
13 35 1
15 33 -1
2 47 -1
3 46 1
6 43 1
7 42 -1
10 39 -1
11 38 1
14 35 1
15 34 -1
0 29 1
1 28 -1
4 25 -1
5 24 1
8 21 1
9 20 -1
12 17 -1
13 16 1
0 30 1
2 28 -1
4 26 -1
6 24 1
8 22 1
10 20 -1
12 18 -1
14 16 1
0 31 1
3 28 -1
4 27 -1
7 24 1
8 23 1
11 20 -1
12 19 -1
15 16 1
1 30 1
2 29 -1
5 26 -1
6 25 1
9 22 1
10 21 -1
13 18 -1
14 17 1
1 31 1
3 29 -1
5 27 -1
7 25 1
9 23 1
11 21 -1
13 19 -1
15 17 1
2 31 1
3 30 -1
6 27 -1
7 26 1
10 23 1
11 22 -1
14 19 -1
15 18 1
